Tabela 1: Resultados obtidos pelos algoritmos

Instancias          #V      best    Guloso  Randomizado                   Reativo     
                                            alfa=0,25 alfa=0,50 alfa=0,75 {0,25;0,50;0,75}
----------------------------------------------------------------------------------------
g_25_0.16_0_1_0     25      229     235     229       229       229       229         
g_25_0.16_0_1_1     25      256     256     256       256       261       256         
g_25_0.21_0_1_0     25      120     129     120       120       120       120         
g_25_0.21_0_1_1     25      116     139     121       121       116       116         
g_25_0.26_0_1_0     25      143     146     146       143       143       143         
g_25_0.26_0_1_1     25      103     103     103       103       103       103         
g_40_0.10_0_1_0     40      306     339     306       306       306       306         
g_40_0.10_0_1_1     40      371     429     393       388       371       379         
g_40_0.15_0_1_0     40      168     168     168       168       168       168         
g_40_0.15_0_1_1     40      258     274     266       266       258       258         
g_40_0.20_0_1_0     40      212     266     212       212       218       212         
g_40_0.20_0_1_1     40      148     148     148       148       148       148         
g_60_0.07_0_1_0     60      553     584     553       553       560       553         
g_60_0.07_0_1_1     60      626     696     667       663       628       626         
g_60_0.12_0_1_0     60      254     294     265       254       270       254         
g_60_0.12_0_1_1     60      229     274     238       229       265       229         
g_60_0.17_0_1_0     60      159     178     161       159       159       159         
g_60_0.17_0_1_1     60      127     144     132       127       127       127         
----------------------------------------------------------------------------------------

=== RESUMO ESTATÍSTICO ===
Vitórias por algoritmo:
  Guloso: 4
  Randomizado (α=0,25): 9
  Randomizado (α=0,50): 14
  Randomizado (α=0,75): 12
  Reativo: 17
Total de instâncias: 18
